# Eigenvalues and the corresponding eigenvectors
# 
(23.243112871504444+0j)
[-0.13512126 -0.53325814  0.30591234 -0.60406432  0.02698733 -0.30279952
  0.28790101  0.07964189  0.11410057  0.21032666]
(20.65222988260211+0j)
[ 0.14214984  0.12153639  0.30316894  0.34749746 -0.40130073 -0.55117409
  0.11631404 -0.46821236 -0.00260178  0.23401442]
(-29.297033544540668+0j)
[ 0.4208789  -0.27034828 -0.4927802   0.21955172 -0.19850751 -0.03071806
  0.15096518  0.3804005   0.16684846  0.47228721]
(-26.418344445241658+0j)
[ 0.0467408  -0.13559468 -0.4247426  -0.02298392  0.6399325  -0.38232484
 -0.22550948 -0.40222667 -0.11591678  0.12935006]
(13.25954753713915+0j)
[ 0.2813135  -0.49140855 -0.0880464   0.1207929  -0.06629396  0.29227824
  0.27390122 -0.46782268  0.21624023 -0.47600002]
(4.351036643019281+0j)
[-0.0635667  -0.56699245  0.31810284  0.32615573 -0.04132751  0.15860679
 -0.56071017  0.06488616 -0.31718651  0.14434123]
(-2.4810356246120397+0j)
[-0.60274958 -0.02905499 -0.19429066  0.09383901 -0.07811737  0.40456447
  0.25676043 -0.35326369 -0.02186147  0.47782875]
(-17.56439319939772+0j)
[ 0.40226854  0.0847246  -0.00779842 -0.3000542  -0.08251326  0.2099449
  0.21216057 -0.14173524 -0.78095889  0.12257795]
(-9.519905945853974+0j)
[ 0.20049378  0.10928567 -0.10187309 -0.48432588 -0.33981027  0.18529137
 -0.5640097  -0.31047979  0.32073938  0.18901561]
(-13.124662887333724+0j)
[ 0.36566257  0.16267127  0.48387833  0.10602958  0.50480287  0.32363382
  0.10712749 -0.05994526  0.29169093  0.36705629]
